[gd_scene load_steps=4 format=3 uid="uid://dis7ec2k060tw"]

[ext_resource type="PackedScene" uid="uid://41ixd0xy5k08" path="res://Stages/Bin chilling map/map comple.fbx" id="1_3q07f"]

[sub_resource type="BoxShape3D" id="BoxShape3D_2hvp3"]
size = Vector3(2.92351, 0.144225, 1.09392)

[sub_resource type="BoxShape3D" id="BoxShape3D_3hayx"]
size = Vector3(22.5687, 8.48327, 5.80883)

[node name="Node3D" type="Node3D"]

[node name="ching-chong-map" parent="." instance=ExtResource("1_3q07f")]
transform = Transform3D(20, 0, 0, 0, 20, 0, 0, 0, 20, 0, 0, 0)

[node name="Floor" type="StaticBody3D" parent="."]
transform = Transform3D(16.7734, 0, -10.8928, 0, 20, 0, 10.8928, 0, 16.7734, 0, 0, 0)
collision_layer = 2

[node name="CollisionShape3D" type="CollisionShape3D" parent="Floor"]
transform = Transform3D(0.83727, 0, 0.54679, 0, 1, 0, -0.54679, 0, 0.83727, 0.196915, 0.0827189, 0.330515)
shape = SubResource("BoxShape3D_2hvp3")

[node name="Walls" type="StaticBody3D" parent="."]
transform = Transform3D(0.838671, 0, -0.544639, 0, 1, 0, 0.544639, 0, 0.838671, 0, 0, 0)
collision_layer = 2

[node name="CollisionShape3D" type="CollisionShape3D" parent="Walls"]
transform = Transform3D(0.536004, 0, -0.844216, 0, 1, 0, 0.844216, 0, 0.536004, 18.6546, 4.45853, -3.2409)
shape = SubResource("BoxShape3D_3hayx")

[node name="Walls2" type="StaticBody3D" parent="."]
transform = Transform3D(0.838671, 0, -0.544639, 0, 1, 0, 0.544639, 0, 0.838671, -35.7737, -0.0149269, 0.442137)
collision_layer = 2

[node name="CollisionShape3D" type="CollisionShape3D" parent="Walls2"]
transform = Transform3D(0.536004, 0, -0.844216, 0, 1, 0, 0.844216, 0, 0.536004, 18.6546, 4.45853, -3.2409)
shape = SubResource("BoxShape3D_3hayx")

[node name="Camera3D" type="Camera3D" parent="."]
transform = Transform3D(1, 0, 0, 0, 0.996195, -0.0871557, 0, 0.0871557, 0.996195, 0, 8, 29)

[node name="DirectionalLight3D" type="DirectionalLight3D" parent="."]
transform = Transform3D(0.928304, -0.287928, 0.235264, 0.207408, 0.926133, 0.315055, -0.308598, -0.243671, 0.919452, 0, 20, 30)
light_color = Color(0.964706, 0.870588, 0.729412, 1)
light_energy = 2.0
shadow_enabled = true
